len(Ekin) = 300
Ekin = [117.         117.00000383 117.00001174 117.0000202  117.00002924
 117.00003892 117.00004929 117.00006039 117.0000723  117.00008507
 117.00009877 117.00011347 117.00012926 117.00014622 117.00016443
 117.000184   117.00020501 117.00022757 117.00025177 117.00027772
 117.00030549 117.00033518 117.00036684 117.00040051 117.00043618
 117.00047377 117.00051313 117.00055401 117.00059597 117.00063837
 117.0006803  117.00072043 117.00075696 117.00078738 117.00080829
 117.00081509 117.00080162 117.00075964 117.00067823 117.0005429
 117.00033456 117.00002813 116.99959077 116.99897968 116.99813929
 116.99699783 116.99546311 116.99341755 116.99071236 116.98716107
 116.98253264 116.97654482 116.96885872 116.95907589 116.94674015
 116.93134635 116.91235882 116.88924118 116.86149732 116.82871921
 116.79063016 116.7471035  116.69812746 116.64368209 116.58349943
 116.51670003 116.44133959 116.35395516 116.24926231 116.12021645
 115.9587114  115.75723611 115.51178158 115.22600509 114.91584847
 114.6123947  114.35950122 114.20362266 114.17780538 114.287812
 114.50933976 114.79822613 115.10658381 115.39556707 115.64032126
 115.82833346 115.95461781 116.0164183  116.00855656 115.9194916
 115.72786282 115.39973605 114.8881506  114.13920581 113.1120317
 111.81804222 110.36532234 108.95682653 107.79851831 106.99804869
 106.61341599 106.78417302 107.65770735 109.13946575 110.86486409
 112.45448928 113.71080417 114.61153082 115.21961769 115.61519214
 115.86650043 116.02362128 116.12071773 116.18004455 116.21542255
 116.23474254 116.24163419 116.23652876 116.21729745 116.17957964
 116.11686087 116.02032904 115.87852725 115.67683629 115.39686661
 115.01593354 114.50694999 113.83930344 112.98153753 111.90674464
 110.60109137 109.07432713 107.36840634 105.55799273 103.73833308
 102.0057867  100.45209803  99.19786751  98.45276625  98.51270903
  99.59981718 101.6383228  104.22573656 106.85926618 109.17721456
 111.03035429 112.42270897 113.42854373 114.13725499 114.62840727
 114.9646783  115.19260493 115.34571395 115.44775984 115.51533825
 115.55977729 115.58841938 115.60544775 115.61239192 115.6084085
 115.59039484 115.55295975 115.48825921 115.38571758 115.23172009
 115.00951708 114.69986955 114.28339976 113.74601884 113.08853732
 112.33929108 111.5632919  110.85589694 110.31304748 109.99058179
 109.88437608 109.9494763  110.13758689 110.41666535 110.76083878
 111.12894353 111.45462434 111.65488437 111.65072971 111.39546931
 110.91327645 110.34073207 109.92747428 109.93550571 110.46920336
 111.39960561 112.47155074 113.46710608 114.27868354 114.88948258
 115.32749436 115.63235223 115.83996594 115.97810324 116.06670087
 116.11957774 116.1462011  116.15310418 116.14491966 116.1250999
 116.09640587 116.06122859 116.02178597 115.98022074 115.9386153
 115.89893508 115.86291415 115.83190153 115.80669322 115.78737831
 115.77322705 115.7626418  115.75318214 115.74166513 115.72433738
 115.69711834 115.65592628 115.5971138  115.51805014 115.417876
 115.2984033  115.16501912 115.02728791 114.89879458 114.79577444
 114.73439415 114.72719057 114.7798405  114.88960188 115.04613715
 115.23432389 115.43781972 115.64208184 115.83611301 116.01290512
 116.16898154 116.30352639 116.41746821 116.51271336 116.5915906
 116.65649237 116.70966869 116.75312665 116.78859626 116.81753459
 116.84114933 116.86043045 116.87618312 116.8890588  116.89958264
 116.90817695 116.91518079 116.92086604 116.9254505  116.92910843
 116.93197902 116.93417319 116.93577899 116.93686595 116.93748852
 116.93768881 116.93749882 116.9369422  116.93603563 116.93479001
 116.93321132 116.93130142 116.92905862 116.9264782  116.92355288
 116.92027315 116.91662764 116.91260347 116.90818655 116.90336193
 116.89811416 116.89242772 116.88628746 116.87967914 116.87258999
 116.8650094  116.8569297  116.84834697 116.83926201 116.82968131
 116.81961817 116.80909381 116.79813849 116.78679261 116.77510773
 116.76314742 116.7509879  116.73871833 116.72644077 116.7142696 ]
Epot = [-5.63473335e-02 -5.63552433e-02 -5.63636975e-02 -5.63727393e-02
 -5.63824153e-02 -5.63927762e-02 -5.64038768e-02 -5.64157762e-02
 -5.64285384e-02 -5.64422320e-02 -5.64569309e-02 -5.64727138e-02
 -5.64896646e-02 -5.65078721e-02 -5.65274294e-02 -5.65484332e-02
 -5.65709825e-02 -5.65951767e-02 -5.66211132e-02 -5.66488834e-02
 -5.66785673e-02 -5.67102266e-02 -5.67438949e-02 -5.67795644e-02
 -5.68171682e-02 -5.68565566e-02 -5.68974658e-02 -5.69394756e-02
 -5.69819547e-02 -5.70239865e-02 -5.70642732e-02 -5.71010080e-02
 -5.71317077e-02 -5.71529930e-02 -5.71603001e-02 -5.71475041e-02
 -5.71064280e-02 -5.70262030e-02 -5.68924410e-02 -5.66861650e-02
 -5.63824375e-02 -5.59486087e-02 -5.53421013e-02 -5.45076328e-02
 -5.33737770e-02 -5.18487755e-02 -4.98155356e-02 -4.71258189e-02
 -4.35937342e-02 -3.89888343e-02 -3.30293911e-02 -2.53768088e-02
 -1.56326206e-02 -3.34006180e-03  1.20073227e-02  3.09474378e-02
  5.40198094e-02  8.17242481e-02  1.14472247e-01  1.52542135e-01
  1.96058074e-01  2.45022418e-01  2.99436364e-01  3.59538931e-01
  4.26172651e-01  5.01243382e-01  5.88185157e-01  6.92278416e-01
  8.20608379e-01  9.81390340e-01  1.18233710e+00  1.42776044e+00
  1.71436071e+00  2.02645594e+00  2.33285900e+00  2.58901038e+00
  2.74726099e+00  2.77348964e+00  2.66171613e+00  2.43704190e+00
  2.14485548e+00  1.83395742e+00  1.54348692e+00  1.29811177e+00
  1.10995461e+00  9.83599479e-01  9.21455922e-01  9.28400567e-01
  1.01568606e+00  1.20439466e+00  1.52827952e+00  2.03449496e+00
  2.77806697e+00  3.80253464e+00  5.10013676e+00  6.56367854e+00
  7.98351212e+00  9.14455004e+00  9.94323274e+00  1.03355946e+01
  1.01781567e+01  9.30097925e+00  7.79565000e+00  6.04815198e+00
  4.45110552e+00  3.19882798e+00  2.30624968e+00  1.70599309e+00
  1.31647191e+00  1.06940867e+00  9.15116844e-01  8.19840501e-01
  7.61636376e-01  7.26896631e-01  7.07868610e-01  7.01009217e-01
  7.05938560e-01  7.24811098e-01  7.61992260e-01  8.23982226e-01
  9.19560408e-01  1.06013385e+00  1.26025874e+00  1.53825861e+00
  1.91677023e+00  2.42288888e+00  3.08734977e+00  3.94191679e+00
  5.01403574e+00  6.31825053e+00  7.84543347e+00  9.55369112e+00
  1.13674453e+01  1.31898264e+01  1.49237125e+01  1.64798079e+01
  1.77431876e+01  1.85064907e+01  1.84632677e+01  1.73731686e+01
  1.53088222e+01  1.26905742e+01  1.00384632e+01  7.71708494e+00
  5.86984090e+00  4.48656849e+00  3.48950424e+00  2.78795533e+00
  2.30220365e+00  1.96984332e+00  1.74469116e+00  1.59352865e+00
  1.49283407e+00  1.42617470e+00  1.38233087e+00  1.35402925e+00
  1.33712824e+00  1.33012083e+00  1.33385834e+00  1.35143859e+00
  1.38823517e+00  1.45206197e+00  1.55345636e+00  1.70600119e+00
  1.92645567e+00  2.23417791e+00  2.64888016e+00  3.18530868e+00
  3.84360622e+00  4.59627213e+00  5.37808930e+00  6.09165687e+00
  6.63792834e+00  6.95948704e+00  7.06202804e+00  6.99349157e+00
  6.80357281e+00  6.52331311e+00  6.17677920e+00  5.80431561e+00
  5.47283905e+00  5.26665497e+00  5.26647653e+00  5.52156772e+00
  6.01116988e+00  6.60001643e+00  7.03205987e+00  7.03196913e+00
  6.48901039e+00  5.54115949e+00  4.45611407e+00  3.45599484e+00
  2.64583945e+00  2.03882787e+00  1.60475385e+00  1.30312412e+00
  1.09789115e+00  9.61418609e-01  8.73955138e-01  8.21844017e-01
  7.95740302e-01  7.89197141e-01  7.97641064e-01  8.17659592e-01
  8.46518083e-01  8.81841948e-01  9.21422112e-01  9.63118378e-01
  1.00484557e+00  1.04463108e+00  1.08073062e+00  1.11178360e+00
  1.13698314e+00  1.15623182e+00  1.17025515e+00  1.18065127e+00
  1.18986597e+00  1.20109205e+00  1.21809722e+00  1.24498173e+00
  1.28585447e+00  1.34440065e+00  1.42330217e+00  1.52348221e+00
  1.64319713e+00  1.77711190e+00  1.91566498e+00  2.04518978e+00
  2.14926995e+00  2.21149061e+00  2.21908409e+00  2.16626091e+00
  2.05582302e+00  1.89831005e+00  1.70909540e+00  1.50472603e+00
  1.29985373e+00  1.10549222e+00  9.28606040e-01  7.72604120e-01
  6.38235720e-01  5.24519144e-01  4.29511213e-01  3.50860701e-01
  2.86163414e-01  2.33164672e-01  1.89857036e-01  1.54512430e-01
  1.25676773e-01  1.02145621e-01  8.29321661e-02  6.72340285e-02
  5.44021888e-02  4.39135322e-02  3.53474235e-02  2.83661735e-02
  2.26989988e-02  1.81289899e-02  1.44825975e-02  1.16211922e-02
  9.43430900e-03  7.83425040e-03  6.75177860e-03  6.13267790e-03
  5.93501010e-03  6.12692110e-03  6.68488650e-03  7.59230450e-03
  8.83836450e-03  1.04171332e-02  1.23268122e-02  1.45691273e-02
  1.71488207e-02  2.00732172e-02  2.33518450e-02  2.69960896e-02
  3.10188647e-02  3.54342847e-02  4.02573239e-02  4.55034494e-02
  5.11882147e-02  5.73268023e-02  6.39335037e-02  7.10211272e-02
  7.86003260e-02  8.66788393e-02  9.52606448e-02  1.04345024e-01
  1.13925550e-01  1.23989002e-01  1.34514249e-01  1.45471111e-01
  1.56819262e-01  1.68507208e-01  1.80471432e-01  1.92635752e-01
  2.04911002e-01  2.17195103e-01  2.29373615e-01  2.41320846e-01]
dmin = -2.2912307477856007
dmax = <built-in method max of numpy.ndarray object at 0x7069c4f130f0>
Tsteps = [  0   1   2   3   4   5   6   7   8   9  10  11  12  13  14  15  16  17
  18  19  20  21  22  23  24  25  26  27  28  29  30  31  32  33  34  35
  36  37  38  39  40  41  42  43  44  45  46  47  48  49  50  51  52  53
  54  55  56  57  58  59  60  61  62  63  64  65  66  67  68  69  70  71
  72  73  74  75  76  77  78  79  80  81  82  83  84  85  86  87  88  89
  90  91  92  93  94  95  96  97  98  99 100 101 102 103 104 105 106 107
 108 109 110 111 112 113 114 115 116 117 118 119 120 121 122 123 124 125
 126 127 128 129 130 131 132 133 134 135 136 137 138 139 140 141 142 143
 144 145 146 147 148 149 150 151 152 153 154 155 156 157 158 159 160 161
 162 163 164 165 166 167 168 169 170 171 172 173 174 175 176 177 178 179
 180 181 182 183 184 185 186 187 188 189 190 191 192 193 194 195 196 197
 198 199 200 201 202 203 204 205 206 207 208 209 210 211 212 213 214 215
 216 217 218 219 220 221 222 223 224 225 226 227 228 229 230 231 232 233
 234 235 236 237 238 239 240 241 242 243 244 245 246 247 248 249 250 251
 252 253 254 255 256 257 258 259 260 261 262 263 264 265 266 267 268 269
 270 271 272 273 274 275 276 277 278 279 280 281 282 283 284 285 286 287
 288 289 290 291 292 293 294 295 296 297 298 299]
len(Tsteps) = 300
